960.000000 350.000000 21.800000 19.500000 15.100000
942.000000 517.000000 21.000000 19.200000 15.100000
932.100000 610.000000 22.100000 19.100000 15.200000
928.000000 648.000000 22.600000 19.100000 15.240000
925.000000 677.000000 22.400000 18.500000 14.710000
900.200000 914.000000 21.800000 16.200000 13.020000
894.000000 974.000000 21.600000 15.600000 12.620000
886.000000 1052.000000 21.000000 15.000000 12.250000
874.000000 1170.000000 18.400000 14.700000 12.170000
869.000000 1219.000000 18.300000 14.700000 12.230000
851.000000 1399.000000 17.800000 14.600000 12.430000
850.000000 1409.000000 17.600000 14.400000 12.280000
808.800000 1829.000000 14.200000 12.400000 11.310000
780.200000 2134.000000 11.700000 10.900000 10.640000
764.000000 2312.000000 10.200000 10.100000 10.260000
752.500000 2438.000000 10.100000 9.100000 9.720000
746.000000 2511.000000 10.000000 8.500000 9.420000
725.300000 2743.000000 8.200000 7.100000 8.790000
700.000000 3037.000000 5.800000 5.300000 8.040000
699.100000 3048.000000 5.700000 5.200000 8.020000
693.000000 3119.000000 5.200000 4.900000 7.900000
663.000000 3480.000000 3.000000 1.000000 6.240000
651.000000 3627.000000 2.800000 -3.200000 4.660000
648.500000 3658.000000 2.500000 -3.200000 4.670000
636.000000 3815.000000 1.000000 -3.400000 4.700000
630.000000 3892.000000 0.800000 -4.200000 4.470000
624.500000 3962.000000 0.200000 -4.500000 4.390000
622.000000 3994.000000 -0.100000 -4.700000 4.360000
601.000000 4267.000000 -2.600000 -8.500000 3.360000
583.000000 4508.000000 -4.900000 -11.900000 2.650000
571.000000 4671.000000 -6.500000 -12.500000 2.580000
556.000000 4877.000000 -8.100000 -10.100000 3.200000
551.000000 4948.000000 -8.700000 -9.300000 3.450000
546.000000 5018.000000 -9.900000 -11.600000 2.900000
520.000000 5392.000000 -13.100000 -14.500000 2.400000
500.000000 5690.000000 -14.500000 -16.000000 2.210000
473.800000 6096.000000 -17.100000 -18.900000 1.820000
457.000000 6369.000000 -18.900000 -20.900000 1.590000
456.000000 6386.000000 -18.700000 -20.700000 1.620000
455.000000 6402.000000 -18.700000 -23.600000 1.260000
454.000000 6419.000000 -18.700000 -24.700000 1.140000
453.000000 6435.000000 -18.900000 -22.300000 1.420000
449.000000 6502.000000 -18.300000 -22.400000 1.420000
436.900000 6706.000000 -19.100000 -22.500000 1.450000
434.000000 6756.000000 -19.300000 -22.500000 1.460000
419.400000 7010.000000 -21.300000 -24.400000 1.270000
402.400000 7315.000000 -23.700000 -26.800000 1.070000
400.000000 7360.000000 -24.100000 -27.100000 1.040000
385.900000 7620.000000 -26.300000 -29.400000 0.870000
381.000000 7712.000000 -27.100000 -30.200000 0.820000
324.900000 8839.000000 -35.000000 -38.600000 0.420000
320.000000 8946.000000 -35.700000 -39.400000 0.390000
310.900000 9144.000000 -37.800000 -41.500000 0.330000
300.000000 9390.000000 -40.300000 -44.000000 0.260000
297.000000 9458.000000 -40.900000 -44.600000 0.240000
276.000000 9954.000000 -43.900000 -47.700000 0.190000
250.000000 10610.000000 -49.500000 -53.000000 0.110000
236.400000 10973.000000 -52.600000 -56.200000 0.080000
235.000000 11013.000000 -52.900000 -56.600000 0.080000
230.000000 11152.000000 -53.100000 -56.900000 0.080000
208.000000 11794.000000 -57.700000 -61.300000 0.050000
200.000000 12040.000000 -60.100000 NaN 337.400000
196.000000 12166.000000 -61.100000 NaN 337.800000
195.200000 12192.000000 -60.700000 NaN 338.800000
193.000000 12262.000000 -59.700000 NaN 341.500000
191.000000 12327.000000 -59.500000 NaN 342.900000
185.800000 12497.000000 -60.400000 NaN 344.100000
184.000000 12559.000000 -60.700000 NaN 344.600000
180.000000 12697.000000 -58.300000 NaN 350.700000
178.000000 12768.000000 -55.500000 NaN 356.400000
176.000000 12840.000000 -54.500000 NaN 359.200000
168.700000 13106.000000 -55.900000 NaN 361.300000
160.800000 13411.000000 -57.400000 NaN 363.600000
150.000000 13850.000000 -59.700000 NaN 367.000000
145.900000 14021.000000 -60.800000 NaN 368.100000
132.100000 14630.000000 -64.500000 NaN 372.000000
130.000000 14730.000000 -65.100000 NaN 372.700000
125.700000 14935.000000 -63.100000 NaN 379.800000
124.000000 15019.000000 -62.300000 NaN 382.800000
119.600000 15240.000000 -64.200000 NaN 383.300000
118.000000 15323.000000 -64.900000 NaN 383.500000
113.000000 15587.000000 -62.500000 NaN 392.700000
108.300000 15850.000000 -63.800000 NaN 395.100000
108.000000 15865.000000 -63.900000 NaN 395.200000
104.000000 16096.000000 -62.700000 NaN 401.800000
103.000000 16155.000000 -60.900000 NaN 406.300000
101.000000 16278.000000 -58.500000 NaN 413.200000
100.000000 16340.000000 -58.500000 NaN 414.400000
93.500000 16764.000000 -56.800000 0.000000 425.800000
92.500000 16834.000000 -56.500000 NaN 427.700000
89.100000 17069.000000 -57.600000 185.000000 430.100000
80.900000 17678.000000 -60.500000 NaN 436.300000
79.700000 17772.000000 -60.900000 NaN 437.200000
77.000000 17983.000000 -61.100000 NaN 441.100000
73.400000 18288.000000 -61.400000 NaN 446.700000
71.700000 18430.000000 -61.500000 NaN 449.400000
70.000000 18580.000000 -60.100000 NaN 455.500000
69.800000 18593.000000 -60.000000 NaN 455.900000
67.900000 18771.000000 -59.100000 NaN 461.600000
63.200000 19219.000000 -61.300000 193.000000 466.300000
60.700000 19472.000000 -57.700000 186.000000 479.700000
59.000000 19651.000000 -57.100000 181.000000 485.000000
52.200000 20422.000000 -60.400000 160.000000 494.500000
51.700000 20481.000000 -60.700000 168.000000 495.300000
50.000000 20690.000000 -59.300000 195.000000 503.300000
49.700000 20726.000000 -58.900000 NaN 505.000000
47.500000 21014.000000 -56.100000 NaN 518.400000
47.400000 21031.000000 -56.100000 NaN 518.800000
46.000000 21217.000000 -56.300000 NaN 522.700000
45.100000 21336.000000 -57.100000 NaN 523.600000
41.000000 21946.000000 -61.100000 NaN 528.300000
40.400000 22031.000000 -61.700000 NaN 528.900000
39.000000 22250.000000 -62.000000 NaN 533.600000
38.200000 22378.000000 -62.100000 NaN 536.400000
37.100000 22555.000000 -60.300000 70.000000 545.400000
35.400000 22860.000000 -57.300000 15.000000 560.900000
35.400000 22853.000000 -57.300000 16.000000 560.700000
30.400000 23816.000000 -57.100000 33.000000 586.200000
30.000000 23900.000000 -55.900000 35.000000 591.600000
29.200000 24079.000000 -53.400000 45.000000 603.400000
28.900000 24139.000000 -52.500000 68.000000 607.400000
28.200000 24296.000000 -52.100000 127.000000 612.700000
27.800000 24384.000000 -52.300000 160.000000 614.600000
25.300000 24994.000000 -53.700000 NaN 627.600000
22.900000 25629.000000 -55.100000 NaN 641.500000
22.400000 25770.000000 -53.700000 NaN 649.700000
22.100000 25857.000000 -49.900000 NaN 663.500000
21.700000 25976.000000 -48.700000 NaN 670.500000
20.000000 26510.000000 -48.900000 20.000000 685.700000
18.100000 27163.000000 -50.700000 80.000000 699.900000
17.400000 27432.000000 -49.000000 105.000000 713.500000
16.900000 27612.000000 -47.900000 106.000000 722.700000
13.800000 28956.000000 -49.600000 110.000000 760.500000
13.800000 28943.000000 -49.700000 110.000000 759.700000
12.700000 29491.000000 -45.700000 79.000000 791.900000
12.600000 29566.000000 -45.500000 75.000000 795.200000
12.000000 29870.000000 -44.500000 65.000000 809.000000
11.500000 30175.000000 -43.600000 90.000000 823.000000
11.000000 30480.000000 -42.600000 110.000000 837.200000
10.700000 30641.000000 -42.100000 89.000000 844.800000
10.500000 30785.000000 -39.200000 70.000000 860.500000
10.500000 30769.000000 -39.300000 72.000000 859.600000
